1 1   0.000000e+00
1 2   1.766946e-03
1 3   2.954636e-04
1 4   2.933599e-05
1 5   8.279898e-05
1 6   4.608376e-04
1 7   1.023102e-04
1 8   9.551835e-06
1 9   1.262401e-05
1 10   8.904948e-05
1 11   7.639506e-06
1 12   2.726938e-05
1 13   3.427649e-05
1 14   5.170153e-03
1 15   7.619055e-04
1 16   9.153977e-05
1 17   8.928058e-05
1 18   2.244111e-05
1 19   2.257653e-05
1 20   3.387406e-05
1 21   5.528522e-04
1 22   2.539251e-04
1 23   1.195241e-04
1 24   4.688656e-05
1 25   1.571134e-05
1 26   1.492539e-04
1 27   2.978596e-03
1 28   4.529985e-04
1 29   2.992566e-04
1 30   6.239901e-05
1 31   2.247599e-05
1 32   3.461041e-05
1 33   2.364438e-05
1 34   1.767099e-05
1 35   8.410049e-06
1 36   3.095878e-05
1 37   1.045092e-04
1 38   1.085393e-03
1 39   6.701482e-04
1 40   3.574343e-05
1 41   5.704490e-05
1 42   6.076387e-05
1 43   8.492611e-05
1 44   3.804120e-05
1 45   3.069473e-04
1 46   2.403925e-04
1 47   3.266927e-04
1 48   1.951980e-04
1 49   1.901142e-04
1 50   5.643765e-05
1 51   3.796873e-04
1 52   7.171883e-06
1 53   1.229277e-04
1 54   2.105027e-03
1 55   1.528892e-04
1 56   5.726658e-04
1 57   1.396971e-05
1 58   1.500418e-04
1 59   6.952756e-04
1 60   1.607991e-04
1 61   5.380534e-05
1 62   4.112119e-05
2 1   1.766946e-03
2 2   0.000000e+00
2 3   2.089489e-03
2 4   8.327790e-05
2 5   1.540512e-04
2 6   3.803480e-04
2 7   2.133740e-04
2 8   2.788114e-05
2 9   3.449717e-05
2 10   1.124118e-03
2 11   5.724392e-05
2 12   1.123917e-04
2 13   1.977537e-04
2 14   6.210716e-04
2 15   2.236027e-04
2 16   6.877699e-05
2 17   4.868023e-05
2 18   5.391824e-05
2 19   2.879797e-04
2 20   4.529610e-04
2 21   8.926240e-04
2 22   4.578804e-04
2 23   3.620100e-04
2 24   7.623920e-04
2 25   5.865913e-05
2 26   7.434168e-05
2 27   1.941190e-03
2 28   2.316943e-04
2 29   9.458220e-05
2 30   6.917086e-05
2 31   5.500287e-05
2 32   1.091018e-04
2 33   1.624854e-04
2 34   1.944214e-04
2 35   6.713780e-05
2 36   5.045577e-04
2 37   3.745885e-04
2 38   6.687365e-04
2 39   6.069091e-04
2 40   1.402036e-04
2 41   3.834615e-04
2 42   1.191268e-03
2 43   3.221769e-04
2 44   1.833611e-04
2 45   2.602602e-03
2 46   2.541010e-03
2 47   9.540004e-04
2 48   1.513322e-04
2 49   4.890487e-04
2 50   1.437097e-04
2 51   1.511275e-03
2 52   3.370520e-05
2 53   4.107220e-04
2 54   6.749170e-04
2 55   1.367612e-04
2 56   1.907910e-03
2 57   1.394870e-04
2 58   1.829729e-03
2 59   4.916225e-03
2 60   2.183744e-04
2 61   8.421959e-05
2 62   1.360292e-04
3 1   2.954636e-04
3 2   2.089489e-03
3 3   0.000000e+00
3 4   6.444911e-06
3 5   9.457402e-06
3 6   2.846790e-04
3 7   5.590164e-05
3 8   1.798853e-06
3 9   2.591371e-06
3 10   9.832656e-05
3 11   7.219036e-06
3 12   1.014183e-05
3 13   1.725286e-05
3 14   1.034049e-04
3 15   1.250505e-04
3 16   7.280273e-06
3 17   1.420410e-05
3 18   9.972718e-06
3 19   5.382064e-05
3 20   6.178117e-05
3 21   7.823762e-05
3 22   3.055608e-05
3 23   3.381460e-05
3 24   3.851979e-04
3 25   3.421803e-06
3 26   1.088153e-05
3 27   6.426277e-04
3 28   1.638105e-04
3 29   4.118915e-05
3 30   5.874895e-06
3 31   6.990677e-06
3 32   3.644474e-05
3 33   1.757281e-05
3 34   3.335428e-05
3 35   8.049415e-06
3 36   2.634662e-04
3 37   6.144424e-04
3 38   7.041705e-04
3 39   8.125641e-05
3 40   1.452105e-05
3 41   4.984884e-05
3 42   2.582102e-04
3 43   1.883410e-04
3 44   2.358413e-05
3 45   4.083259e-04
3 46   3.086239e-04
3 47   2.170756e-04
3 48   1.354104e-05
3 49   1.001757e-04
3 50   8.334214e-06
3 51   8.286177e-05
3 52   2.641711e-06
3 53   2.145051e-05
3 54   6.739411e-05
3 55   4.661417e-05
3 56   1.628445e-04
3 57   2.082528e-05
3 58   1.071211e-04
3 59   6.791339e-04
3 60   1.387990e-05
3 61   5.893092e-06
3 62   7.169802e-06
4 1   2.933599e-05
4 2   8.327790e-05
4 3   6.444911e-06
4 4   0.000000e+00
4 5   1.850503e-03
4 6   1.773875e-05
4 7   1.363819e-04
4 8   3.413470e-04
4 9   4.879087e-05
4 10   2.020766e-05
4 11   2.915240e-05
4 12   1.965524e-05
4 13   4.888382e-04
4 14   3.173004e-05
4 15   1.705523e-05
4 16   2.974613e-04
4 17   6.711869e-05
4 18   6.428314e-04
4 19   1.261620e-05
4 20   5.193404e-05
4 21   2.468641e-05
4 22   6.214764e-05
4 23   1.864860e-05
4 24   5.254794e-06
4 25   3.563938e-04
4 26   1.491907e-04
4 27   1.763106e-05
4 28   1.611732e-05
4 29   2.551395e-05
4 30   6.917770e-04
4 31   1.927241e-03
4 32   1.579598e-04
4 33   2.687059e-04
4 34   5.960836e-05
4 35   4.222272e-05
4 36   9.127245e-06
4 37   1.462211e-05
4 38   8.002921e-06
4 39   1.630967e-05
4 40   1.398537e-05
4 41   8.879913e-06
4 42   8.642774e-06
4 43   2.209077e-06
4 44   8.977118e-06
4 45   7.594000e-06
4 46   8.371804e-05
4 47   8.618236e-05
4 48   1.680623e-04
4 49   1.635857e-04
4 50   9.892530e-03
4 51   6.593468e-05
4 52   1.355885e-04
4 53   9.762141e-03
4 54   6.029829e-05
4 55   6.576214e-05
4 56   3.180495e-04
4 57   2.079595e-05
4 58   9.517244e-05
4 59   6.173844e-05
4 60   3.432902e-04
4 61   1.468972e-04
4 62   1.394187e-03
5 1   8.279898e-05
5 2   1.540512e-04
5 3   9.457402e-06
5 4   1.850503e-03
5 5   0.000000e+00
5 6   2.745680e-05
5 7   1.470823e-04
5 8   2.568183e-04
5 9   5.954127e-05
5 10   2.926952e-05
5 11   1.709105e-05
5 12   2.862923e-05
5 13   2.024129e-04
5 14   1.154970e-04
5 15   4.883813e-05
5 16   1.734034e-03
5 17   1.465655e-04
5 18   4.145523e-04
5 19   1.024279e-05
5 20   3.166646e-05
5 21   7.665282e-05
5 22   1.944420e-04
5 23   4.417883e-05
5 24   5.624404e-06
5 25   2.591930e-04
5 26   8.436080e-04
5 27   3.855464e-05
5 28   3.051626e-05
5 29   7.250084e-05
5 30   3.430687e-03
5 31   9.537620e-04
5 32   8.002533e-05
5 33   1.082092e-04
5 34   2.741616e-05
5 35   2.255253e-05
5 36   6.699542e-06
5 37   1.180049e-05
5 38   1.618455e-05
5 39   5.554481e-05
5 40   2.306562e-05
5 41   1.417987e-05
5 42   1.047631e-05
5 43   4.270079e-06
5 44   1.419253e-05
5 45   1.648676e-05
5 46   8.558585e-05
5 47   1.127620e-04
5 48   1.071313e-03
5 49   1.926978e-04
5 50   1.045459e-02
5 51   1.429319e-04
5 52   7.879949e-05
5 53   3.732833e-03
5 54   2.351692e-04
5 55   1.111008e-04
5 56   4.840775e-04
5 57   1.368692e-05
5 58   1.178858e-04
5 59   9.276429e-05
5 60   2.110471e-03
5 61   4.018219e-04
5 62   1.119017e-03
6 1   4.608376e-04
6 2   3.803480e-04
6 3   2.846790e-04
6 4   1.773875e-05
6 5   2.745680e-05
6 6   0.000000e+00
6 7   4.037015e-04
6 8   2.740612e-06
6 9   1.796157e-06
6 10   1.822645e-05
6 11   2.678524e-06
6 12   3.578467e-06
6 13   2.242675e-05
6 14   1.922096e-04
6 15   1.379354e-03
6 16   3.022725e-05
6 17   1.355508e-04
6 18   5.030157e-05
6 19   1.022279e-05
6 20   3.120302e-05
6 21   3.838428e-05
6 22   2.377258e-05
6 23   1.190460e-05
6 24   3.112018e-05
6 25   4.284113e-06
6 26   4.565738e-05
6 27   1.541580e-03
6 28   1.128939e-02
6 29   4.028181e-04
6 30   2.409694e-05
6 31   2.860443e-05
6 32   1.737276e-04
6 33   1.981545e-05
6 34   2.062922e-05
6 35   3.758616e-06
6 36   3.568330e-05
6 37   5.056028e-04
6 38   1.211755e-03
6 39   4.393248e-05
6 40   4.298306e-06
6 41   8.952718e-06
6 42   2.511794e-05
6 43   1.972808e-05
6 44   5.150547e-06
6 45   4.533309e-05
6 46   3.899993e-04
6 47   1.329416e-03
6 48   2.625428e-05
6 49   5.542718e-04
6 50   2.007339e-05
6 51   3.906140e-05
6 52   2.591464e-06
6 53   3.889731e-05
6 54   1.095786e-04
6 55   6.771361e-04
6 56   5.427473e-04
6 57   5.878745e-06
6 58   3.750995e-05
6 59   1.540718e-03
6 60   2.517348e-05
6 61   7.229510e-06
6 62   1.130644e-05
7 1   1.023102e-04
7 2   2.133740e-04
7 3   5.590164e-05
7 4   1.363819e-04
7 5   1.470823e-04
7 6   4.037015e-04
7 7   0.000000e+00
7 8   1.395138e-05
7 9   4.639535e-06
7 10   2.005490e-05
7 11   7.858000e-06
7 12   5.493428e-06
7 13   1.112304e-04
7 14   6.978867e-05
7 15   1.680830e-04
7 16   8.049844e-05
7 17   3.262232e-04
7 18   6.813300e-04
7 19   1.487455e-05
7 20   7.286604e-05
7 21   2.184572e-05
7 22   2.834333e-05
7 23   9.743055e-06
7 24   1.811549e-05
7 25   1.934611e-05
7 26   6.563844e-05
7 27   1.566084e-04
7 28   3.282516e-04
7 29   2.088986e-04
7 30   1.109216e-04
7 31   3.039970e-04
7 32   3.358554e-03
7 33   8.932397e-05
7 34   5.819062e-05
7 35   1.218194e-05
7 36   3.205704e-05
7 37   2.053483e-04
7 38   1.070540e-04
7 39   1.629195e-05
7 40   4.972516e-06
7 41   7.565310e-06
7 42   1.885372e-05
7 43   5.437612e-06
7 44   4.987235e-06
7 45   1.488087e-05
7 46   5.290358e-04
7 47   1.768856e-03
7 48   4.126436e-05
7 49   1.220511e-02
7 50   1.163465e-04
7 51   4.555763e-05
7 52   1.217923e-05
7 53   1.991045e-04
7 54   7.519579e-05
7 55   1.677368e-03
7 56   3.116974e-03
7 57   1.269277e-05
7 58   6.898960e-05
7 59   5.633314e-04
7 60   6.263293e-05
7 61   1.580769e-05
7 62   5.206840e-05
8 1   9.551835e-06
8 2   2.788114e-05
8 3   1.798853e-06
8 4   3.413470e-04
8 5   2.568183e-04
8 6   2.740612e-06
8 7   1.395138e-05
8 8   0.000000e+00
8 9   7.127340e-04
8 10   1.928027e-05
8 11   9.388819e-05
8 12   9.546154e-05
8 13   2.222138e-04
8 14   1.323657e-05
8 15   3.830797e-06
8 16   8.477955e-05
8 17   1.037884e-05
8 18   4.918928e-05
8 19   1.244807e-05
8 20   2.597798e-05
8 21   2.396085e-05
8 22   7.555773e-05
8 23   3.633044e-05
8 24   3.047556e-06
8 25   1.709394e-02
8 26   5.058469e-05
8 27   4.422574e-06
8 28   2.612891e-06
8 29   5.280333e-06
8 30   1.296458e-04
8 31   1.036758e-04
8 32   1.559185e-05
8 33   1.440445e-04
8 34   3.405695e-05
8 35   1.081464e-04
8 36   4.006075e-06
8 37   2.450818e-06
8 38   1.912371e-06
8 39   1.576276e-05
8 40   5.518647e-05
8 41   1.412017e-05
8 42   6.055615e-06
8 43   2.418536e-06
8 44   2.387269e-05
8 45   6.178129e-06
8 46   1.670825e-05
8 47   1.264311e-05
8 48   8.527793e-05
8 49   1.888673e-05
8 50   5.703245e-04
8 51   6.102532e-05
8 52   1.335823e-03
8 53   9.446016e-04
8 54   3.109545e-05
8 55   7.860739e-06
8 56   4.514086e-05
8 57   3.106727e-05
8 58   8.171357e-05
8 59   1.235820e-05
8 60   1.881674e-04
8 61   5.906525e-04
8 62   5.031170e-03
9 1   1.262401e-05
9 2   3.449717e-05
9 3   2.591371e-06
9 4   4.879087e-05
9 5   5.954127e-05
9 6   1.796157e-06
9 7   4.639535e-06
9 8   7.127340e-04
9 9   0.000000e+00
9 10   5.011076e-05
9 11   1.784568e-04
9 12   6.885592e-04
9 13   9.380285e-05
9 14   1.811742e-05
9 15   3.011002e-06
9 16   2.962081e-05
9 17   3.401158e-06
9 18   9.026788e-06
9 19   2.532717e-05
9 20   2.529698e-05
9 21   6.795414e-05
9 22   1.836546e-04
9 23   1.751443e-04
9 24   7.156265e-06
9 25   1.067746e-03
9 26   2.388689e-05
9 27   5.140576e-06
9 28   1.714543e-06
9 29   3.114500e-06
9 30   3.320617e-05
9 31   1.715915e-05
9 32   4.107837e-06
9 33   7.506843e-05
9 34   2.771872e-05
9 35   1.545788e-04
9 36   6.133526e-06
9 37   1.514793e-06
9 38   2.443541e-06
9 39   4.384954e-05
9 40   3.717445e-04
9 41   5.821105e-05
9 42   1.472281e-05
9 43   9.586368e-06
9 44   1.231718e-04
9 45   2.097914e-05
9 46   1.086592e-05
9 47   6.805416e-06
9 48   7.213264e-05
9 49   7.858078e-06
9 50   9.025724e-05
9 51   1.516007e-04
9 52   9.439011e-04
9 53   1.963359e-04
9 54   4.492306e-05
9 55   2.801674e-06
9 56   2.454343e-05
9 57   5.496834e-05
9 58   1.353777e-04
9 59   9.415118e-06
9 60   1.278885e-04
9 61   6.328674e-04
9 62   3.990778e-04
10 1   8.904948e-05
10 2   1.124118e-03
10 3   9.832656e-05
10 4   2.020766e-05
10 5   2.926952e-05
10 6   1.822645e-05
10 7   2.005490e-05
10 8   1.928027e-05
10 9   5.011076e-05
10 10   0.000000e+00
10 11   2.718687e-04
10 12   3.640396e-04
10 13   1.010429e-04
10 14   5.498888e-05
10 15   1.309578e-05
10 16   1.133612e-05
10 17   4.260920e-06
10 18   8.832886e-06
10 19   2.135806e-03
10 20   5.723841e-04
10 21   2.960502e-04
10 22   2.005299e-04
10 23   6.382025e-04
10 24   7.665261e-04
10 25   4.165500e-05
10 26   1.153591e-05
10 27   6.022427e-05
10 28   1.207818e-05
10 29   6.991433e-06
10 30   1.175568e-05
10 31   1.034972e-05
10 32   1.496008e-05
10 33   1.036208e-04
10 34   2.408424e-04
10 35   2.385477e-04
10 36   5.641427e-04
10 37   3.641182e-05
10 38   3.031934e-05
10 39   1.879284e-04
10 40   5.400885e-04
10 41   8.145699e-03
10 42   2.349573e-03
10 43   4.600371e-04
10 44   1.237255e-03
10 45   7.159486e-04
10 46   1.702673e-04
10 47   5.842758e-05
10 48   3.611800e-05
10 49   4.339391e-05
10 50   3.529859e-05
10 51   8.964784e-04
10 52   4.067532e-05
10 53   1.140911e-04
10 54   8.158381e-05
10 55   9.851638e-06
10 56   1.493707e-04
10 57   8.497203e-04
10 58   5.920528e-03
10 59   1.559475e-04
10 60   5.569373e-05
10 61   4.466042e-05
10 62   5.746925e-05
11 1   7.639506e-06
11 2   5.724392e-05
11 3   7.219036e-06
11 4   2.915240e-05
11 5   1.709105e-05
11 6   2.678524e-06
11 7   7.858000e-06
11 8   9.388819e-05
11 9   1.784568e-04
11 10   2.718687e-04
11 11   0.000000e+00
11 12   6.038099e-04
11 13   2.547787e-04
11 14   6.059819e-06
11 15   1.534211e-06
11 16   5.047580e-06
11 17   1.260967e-06
11 18   1.034063e-05
11 19   3.206371e-04
11 20   2.333067e-04
11 21   2.729730e-05
11 22   3.968817e-05
11 23   9.362484e-05
11 24   5.044444e-05
11 25   1.819615e-04
11 26   3.721855e-06
11 27   4.966604e-06
11 28   1.652376e-06
11 29   1.108311e-06
11 30   7.157691e-06
11 31   1.436469e-05
11 32   1.054782e-05
11 33   3.105363e-04
11 34   3.063928e-04
11 35   1.790292e-02
11 36   5.752059e-05
11 37   6.950901e-06
11 38   2.605987e-06
11 39   1.713543e-05
11 40   3.615239e-04
11 41   2.244789e-04
11 42   1.044800e-04
11 43   2.806553e-05
11 44   3.833560e-04
11 45   3.326597e-05
11 46   3.311990e-05
11 47   1.289748e-05
11 48   1.015400e-05
11 49   1.440102e-05
11 50   3.283460e-05
11 51   9.568504e-05
11 52   4.598638e-04
11 53   9.212692e-05
11 54   1.154218e-05
11 55   2.515594e-06
11 56   3.247744e-05
11 57   1.311238e-03
11 58   6.350008e-04
11 59   1.771205e-05
11 60   2.035157e-05
11 61   3.800791e-05
11 62   9.416346e-05
12 1   2.726938e-05
12 2   1.123917e-04
12 3   1.014183e-05
12 4   1.965524e-05
12 5   2.862923e-05
12 6   3.578467e-06
12 7   5.493428e-06
12 8   9.546154e-05
12 9   6.885592e-04
12 10   3.640396e-04
12 11   6.038099e-04
12 12   0.000000e+00
12 13   8.265060e-05
12 14   2.914405e-05
12 15   4.552589e-06
12 16   1.474873e-05
12 17   2.416347e-06
12 18   4.719598e-06
12 19   1.659336e-04
12 20   8.742417e-05
12 21   1.742158e-04
12 22   2.864190e-04
12 23   8.315009e-04
12 24   4.518554e-05
12 25   1.697509e-04
12 26   1.465082e-05
12 27   1.272143e-05
12 28   2.976956e-06
12 29   3.391586e-06
12 30   1.432801e-05
12 31   7.444098e-06
12 32   4.059410e-06
12 33   7.650080e-05
12 34   6.495764e-05
12 35   3.946769e-04
12 36   3.415978e-05
12 37   4.099346e-06
12 38   6.539815e-06
12 39   1.097916e-04
12 40   1.949481e-02
12 41   4.893428e-04
12 42   9.704360e-05
12 43   5.584333e-05
12 44   1.712048e-03
12 45   1.037121e-04
12 46   2.457404e-05
12 47   1.186713e-05
12 48   5.671029e-05
12 49   1.097943e-05
12 50   3.857285e-05
12 51   4.926558e-04
12 52   1.930281e-04
12 53   1.113914e-04
12 54   6.139916e-05
12 55   3.085943e-06
12 56   3.884674e-05
12 57   3.044565e-04
12 58   7.512874e-04
12 59   2.212673e-05
12 60   8.294015e-05
12 61   1.674312e-04
12 62   1.132627e-04
13 1   3.427649e-05
13 2   1.977537e-04
13 3   1.725286e-05
13 4   4.888382e-04
13 5   2.024129e-04
13 6   2.242675e-05
13 7   1.112304e-04
13 8   2.222138e-04
13 9   9.380285e-05
13 10   1.010429e-04
13 11   2.547787e-04
13 12   8.265060e-05
13 13   0.000000e+00
13 14   2.558264e-05
13 15   1.110517e-05
13 16   4.079722e-05
13 17   1.530298e-05
13 18   1.826154e-04
13 19   9.503707e-05
13 20   4.130327e-04
13 21   3.549016e-05
13 22   8.031068e-05
13 23   4.647325e-05
13 24   2.635959e-05
13 25   4.822169e-04
13 26   2.549990e-05
13 27   2.500079e-05
13 28   1.419013e-05
13 29   1.001872e-05
13 30   6.927455e-05
13 31   2.466835e-04
13 32   1.606974e-04
13 33   1.332916e-02
13 34   5.656645e-04
13 35   4.126467e-04
13 36   5.108841e-05
13 37   3.997138e-05
13 38   1.152891e-05
13 39   2.006672e-05
13 40   5.542185e-05
13 41   4.284791e-05
13 42   4.426643e-05
13 43   8.312300e-06
13 44   4.316579e-05
13 45   2.041520e-05
13 46   2.567637e-04
13 47   1.350660e-04
13 48   4.416821e-05
13 49   1.899383e-04
13 50   4.179463e-04
13 51   1.591342e-04
13 52   5.206165e-04
13 53   1.642751e-03
13 54   4.801612e-05
13 55   3.225350e-05
13 56   4.070566e-04
13 57   1.903240e-04
13 58   6.200396e-04
13 59   1.248805e-04
13 60   1.212823e-04
13 61   9.405530e-05
13 62   6.933061e-04
14 1   5.170153e-03
14 2   6.210716e-04
14 3   1.034049e-04
14 4   3.173004e-05
14 5   1.154970e-04
14 6   1.922096e-04
14 7   6.978867e-05
14 8   1.323657e-05
14 9   1.811742e-05
14 10   5.498888e-05
14 11   6.059819e-06
14 12   2.914405e-05
14 13   2.558264e-05
14 14   0.000000e+00
14 15   5.672898e-04
14 16   1.832245e-04
14 17   1.237730e-04
14 18   2.072490e-05
14 19   1.339083e-05
14 20   1.869734e-05
14 21   5.844331e-04
14 22   3.873176e-04
14 23   1.246989e-04
14 24   2.174303e-05
14 25   1.802741e-05
14 26   3.331774e-04
14 27   7.172845e-04
14 28   2.377619e-04
14 29   3.796369e-04
14 30   1.087478e-04
14 31   2.368000e-05
14 32   2.103982e-05
14 33   1.657811e-05
14 34   1.012737e-05
14 35   6.341902e-06
14 36   1.389765e-05
14 37   4.062403e-05
14 38   3.476880e-04
14 39   7.732022e-04
14 40   3.597870e-05
14 41   4.205194e-05
14 42   3.034043e-05
14 43   4.792352e-05
14 44   3.266442e-05
14 45   1.654284e-04
14 46   1.083474e-04
14 47   1.606428e-04
14 48   4.373948e-04
14 49   1.193528e-04
14 50   6.744613e-05
14 51   3.348919e-04
14 52   7.627753e-06
14 53   1.171860e-04
14 54   8.726485e-03
14 55   1.303149e-04
14 56   3.517283e-04
14 57   9.271556e-06
14 58   9.399485e-05
14 59   2.599805e-04
14 60   2.879464e-04
14 61   9.790949e-05
14 62   4.624852e-05
15 1   7.619055e-04
15 2   2.236027e-04
15 3   1.250505e-04
15 4   1.705523e-05
15 5   4.883813e-05
15 6   1.379354e-03
15 7   1.680830e-04
15 8   3.830797e-06
15 9   3.011002e-06
15 10   1.309578e-05
15 11   1.534211e-06
15 12   4.552589e-06
15 13   1.110517e-05
15 14   5.672898e-04
15 15   0.000000e+00
15 16   1.147712e-04
15 17   3.339300e-04
15 18   3.165146e-05
15 19   4.709137e-06
15 20   1.051482e-05
15 21   6.450763e-05
15 22   4.629412e-05
15 23   1.803351e-05
15 24   1.347206e-05
15 25   4.774050e-06
15 26   2.310317e-04
15 27   1.000556e-03
15 28   5.317132e-03
15 29   2.106923e-03
15 30   6.151712e-05
15 31   2.259727e-05
15 32   5.673379e-05
15 33   8.229324e-06
15 34   6.591038e-06
15 35   1.886033e-06
15 36   1.204675e-05
15 37   1.225856e-04
15 38   7.375117e-04
15 39   8.260820e-05
15 40   5.611662e-06
15 41   8.406203e-06
15 42   1.246937e-05
15 43   1.678068e-05
15 44   5.644833e-06
15 45   4.453800e-05
15 46   1.074745e-04
15 47   3.089167e-04
15 48   8.652174e-05
15 49   1.991792e-04
15 50   2.734130e-05
15 51   4.836838e-05
15 52   2.061847e-06
15 53   3.950445e-05
15 54   2.804266e-04
15 55   6.222904e-04
15 56   2.663882e-04
15 57   2.834067e-06
15 58   2.393121e-05
15 59   3.830873e-04
15 60   6.026031e-05
15 61   1.747019e-05
15 62   1.363651e-05
16 1   9.153977e-05
16 2   6.877699e-05
16 3   7.280273e-06
16 4   2.974613e-04
16 5   1.734034e-03
16 6   3.022725e-05
16 7   8.049844e-05
16 8   8.477955e-05
16 9   2.962081e-05
16 10   1.133612e-05
16 11   5.047580e-06
16 12   1.474873e-05
16 13   4.079722e-05
16 14   1.832245e-04
16 15   1.147712e-04
16 16   0.000000e+00
16 17   3.622057e-04
16 18   1.462497e-04
16 19   3.390472e-06
16 20   8.561979e-06
16 21   7.555605e-05
16 22   1.597860e-04
16 23   3.289153e-05
16 24   2.581107e-06
16 25   7.260813e-05
16 26   9.860013e-03
16 27   4.034779e-05
16 28   4.782312e-05
16 29   2.005649e-04
16 30   7.218997e-03
16 31   2.430804e-04
16 32   3.284635e-05
16 33   2.354174e-05
16 34   6.887878e-06
16 35   6.139968e-06
16 36   2.453883e-06
16 37   6.917699e-06
16 38   2.200856e-05
16 39   6.622980e-05
16 40   1.335966e-05
16 41   7.713873e-06
16 42   4.393360e-06
16 43   3.659517e-06
16 44   8.131054e-06
16 45   1.276873e-05
16 46   3.140691e-05
16 47   5.556051e-05
16 48   1.434616e-03
16 49   9.021781e-05
16 50   6.725600e-04
16 51   7.653414e-05
16 52   2.389870e-05
16 53   4.352034e-04
16 54   2.964520e-04
16 55   1.317720e-04
16 56   1.852697e-04
16 57   3.979524e-06
16 58   3.425810e-05
16 59   4.485918e-05
16 60   1.411905e-03
16 61   2.472640e-04
16 62   2.366141e-04
17 1   8.928058e-05
17 2   4.868023e-05
17 3   1.420410e-05
17 4   6.711869e-05
17 5   1.465655e-04
17 6   1.355508e-04
17 7   3.262232e-04
17 8   1.037884e-05
17 9   3.401158e-06
17 10   4.260920e-06
17 11   1.260967e-06
17 12   2.416347e-06
17 13   1.530298e-05
17 14   1.237730e-04
17 15   3.339300e-04
17 16   3.622057e-04
17 17   0.000000e+00
17 18   1.795670e-04
17 19   1.724167e-06
17 20   6.168647e-06
17 21   1.954745e-05
17 22   2.570858e-05
17 23   6.562836e-06
17 24   2.533734e-06
17 25   9.768341e-06
17 26   4.057086e-04
17 27   7.262410e-05
17 28   2.534110e-04
17 29   1.421464e-03
17 30   2.728908e-04
17 31   1.263751e-04
17 32   1.170217e-04
17 33   1.038631e-05
17 34   4.821464e-06
17 35   1.742611e-06
17 36   3.122090e-06
17 37   2.560553e-05
17 38   5.231838e-05
17 39   2.060664e-05
17 40   2.380737e-06
17 41   2.289496e-06
17 42   2.863922e-06
17 43   2.257665e-06
17 44   1.832636e-06
17 45   6.882966e-06
17 46   4.240309e-05
17 47   1.236825e-04
17 48   9.985855e-05
17 49   2.054136e-04
17 50   8.424652e-05
17 51   1.931106e-05
17 52   3.915321e-06
17 53   7.142589e-05
17 54   1.013195e-04
17 55   1.439440e-03
17 56   2.015102e-04
17 57   1.536480e-06
17 58   1.215562e-05
17 59   7.540524e-05
17 60   8.711165e-05
17 61   2.206132e-05
17 62   2.936593e-05
18 1   2.244111e-05
18 2   5.391824e-05
18 3   9.972718e-06
18 4   6.428314e-04
18 5   4.145523e-04
18 6   5.030157e-05
18 7   6.813300e-04
18 8   4.918928e-05
18 9   9.026788e-06
18 10   8.832886e-06
18 11   1.034063e-05
18 12   4.719598e-06
18 13   1.826154e-04
18 14   2.072490e-05
18 15   3.165146e-05
18 16   1.462497e-04
18 17   1.795670e-04
18 18   0.000000e+00
18 19   8.282414e-06
18 20   4.325389e-05
18 21   9.185407e-06
18 22   1.754719e-05
18 23   5.341256e-06
18 24   5.363700e-06
18 25   5.069134e-05
18 26   7.726561e-05
18 27   2.398562e-05
18 28   4.747767e-05
18 29   5.628917e-05
18 30   3.380897e-04
18 31   3.299120e-03
18 32   8.333037e-04
18 33   1.291883e-04
18 34   4.507458e-05
18 35   1.613791e-05
18 36   1.089722e-05
18 37   3.518599e-05
18 38   1.557182e-05
18 39   6.573505e-06
18 40   3.594163e-06
18 41   3.558653e-06
18 42   6.539117e-06
18 43   1.477304e-06
18 44   2.929937e-06
18 45   4.176869e-06
18 46   1.210457e-04
18 47   1.806204e-04
18 48   5.605624e-05
18 49   4.724651e-04
18 50   3.924429e-04
18 51   2.074078e-05
18 52   2.929873e-05
18 53   3.722752e-04
18 54   2.874242e-05
18 55   2.692585e-04
18 56   4.650654e-04
18 57   1.057432e-05
18 58   3.752777e-05
18 59   8.836626e-05
18 60   9.022959e-05
18 61   2.831640e-05
18 62   1.331579e-04
19 1   2.257653e-05
19 2   2.879797e-04
19 3   5.382064e-05
19 4   1.261620e-05
19 5   1.024279e-05
19 6   1.022279e-05
19 7   1.487455e-05
19 8   1.244807e-05
19 9   2.532717e-05
19 10   2.135806e-03
19 11   3.206371e-04
19 12   1.659336e-04
19 13   9.503707e-05
19 14   1.339083e-05
19 15   4.709137e-06
19 16   3.390472e-06
19 17   1.724167e-06
19 18   8.282414e-06
19 19   0.000000e+00
19 20   1.700738e-03
19 21   6.103639e-05
19 22   4.518786e-05
19 23   1.420562e-04
19 24   5.615886e-04
19 25   2.505421e-05
19 26   3.150418e-06
19 27   1.971591e-05
19 28   5.802871e-06
19 29   2.422946e-06
19 30   4.067946e-06
19 31   8.558070e-06
19 32   1.692736e-05
19 33   1.304384e-04
19 34   8.033143e-04
19 35   3.277219e-04
19 36   7.011965e-04
19 37   3.701291e-05
19 38   1.255953e-05
19 39   4.085734e-05
19 40   1.982218e-04
19 41   9.854450e-04
19 42   1.357136e-03
19 43   1.915275e-04
19 44   5.367833e-04
19 45   1.811655e-04
19 46   1.156325e-04
19 47   3.548938e-05
19 48   9.070889e-06
19 49   3.029545e-05
19 50   1.450420e-05
19 51   1.648821e-04
19 52   4.012342e-05
19 53   4.602628e-05
19 54   1.918438e-05
19 55   5.124418e-06
19 56   6.674256e-05
19 57   1.966980e-03
19 58   2.943666e-03
19 59   6.762746e-05
19 60   1.503120e-05
19 61   1.377615e-05
19 62   2.499928e-05
20 1   3.387406e-05
20 2   4.529610e-04
20 3   6.178117e-05
20 4   5.193404e-05
20 5   3.166646e-05
20 6   3.120302e-05
20 7   7.286604e-05
20 8   2.597798e-05
20 9   2.529698e-05
20 10   5.723841e-04
20 11   2.333067e-04
20 12   8.742417e-05
20 13   4.130327e-04
20 14   1.869734e-05
20 15   1.051482e-05
20 16   8.561979e-06
20 17   6.168647e-06
20 18   4.325389e-05
20 19   1.700738e-03
20 20   0.000000e+00
20 21   4.131645e-05
20 22   4.933654e-05
20 23   6.787851e-05
20 24   2.357152e-04
20 25   5.330519e-05
20 26   6.631515e-06
20 27   3.595142e-05
20 28   1.642130e-05
20 29   6.383249e-06
20 30   1.231877e-05
20 31   4.180242e-05
20 32   9.279259e-05
20 33   6.005583e-04
20 34   1.116201e-02
20 35   3.548654e-04
20 36   5.090977e-04
20 37   1.052022e-04
20 38   2.072295e-05
20 39   2.459477e-05
20 40   8.105927e-05
20 41   2.156604e-04
20 42   4.463341e-04
20 43   5.441740e-05
20 44   1.359217e-04
20 45   7.506834e-05
20 46   5.644934e-04
20 47   1.523276e-04
20 48   1.380785e-05
20 49   1.480466e-04
20 50   4.695618e-05
20 51   1.718625e-04
20 52   7.730621e-05
20 53   1.501892e-04
20 54   2.837845e-05
20 55   2.043182e-05
20 56   2.837629e-04
20 57   1.032982e-03
20 58   4.161526e-03
20 59   2.149152e-04
20 60   2.951537e-05
20 61   2.003728e-05
20 62   6.594133e-05
21 1   5.528522e-04
21 2   8.926240e-04
21 3   7.823762e-05
21 4   2.468641e-05
21 5   7.665282e-05
21 6   3.838428e-05
21 7   2.184572e-05
21 8   2.396085e-05
21 9   6.795414e-05
21 10   2.960502e-04
21 11   2.729730e-05
21 12   1.742158e-04
21 13   3.549016e-05
21 14   5.844331e-04
21 15   6.450763e-05
21 16   7.555605e-05
21 17   1.954745e-05
21 18   9.185407e-06
21 19   6.103639e-05
21 20   4.131645e-05
21 21   0.000000e+00
21 22   2.099767e-03
21 23   1.182366e-03
21 24   6.622331e-05
21 25   3.615613e-05
21 26   1.031121e-04
21 27   1.873044e-04
21 28   3.716568e-05
21 29   4.189305e-05
21 30   5.497416e-05
21 31   1.290020e-05
21 32   8.675634e-06
21 33   2.524178e-05
21 34   2.044613e-05
21 35   2.380731e-05
21 36   3.355288e-05
21 37   1.771966e-05
21 38   9.654247e-05
21 39   1.433368e-02
21 40   2.484581e-04
21 41   3.062602e-04
21 42   1.161306e-04
21 43   1.878149e-04
21 44   2.458137e-04
21 45   7.656688e-04
21 46   8.243941e-05
21 47   5.995223e-05
21 48   4.216450e-04
21 49   4.362785e-05
21 50   5.731297e-05
21 51   3.436908e-03
21 52   1.948759e-05
21 53   1.242133e-04
21 54   1.162829e-03
21 55   2.227765e-05
21 56   1.680543e-04
21 57   4.142267e-05
21 58   3.101307e-04
21 59   1.373078e-04
21 60   3.500316e-04
21 61   2.147624e-04
21 62   6.695612e-05
22 1   2.539251e-04
22 2   4.578804e-04
22 3   3.055608e-05
22 4   6.214764e-05
22 5   1.944420e-04
22 6   2.377258e-05
22 7   2.834333e-05
22 8   7.555773e-05
22 9   1.836546e-04
22 10   2.005299e-04
22 11   3.968817e-05
22 12   2.864190e-04
22 13   8.031068e-05
22 14   3.873176e-04
22 15   4.629412e-05
22 16   1.597860e-04
22 17   2.570858e-05
22 18   1.754719e-05
22 19   4.518786e-05
22 20   4.933654e-05
22 21   2.099767e-03
22 22   0.000000e+00
22 23   1.302083e-03
22 24   3.072166e-05
22 25   1.165363e-04
22 26   1.875219e-04
22 27   8.613047e-05
22 28   2.432601e-05
22 29   4.031851e-05
22 30   1.276936e-04
22 31   2.807005e-05
22 32   1.164715e-05
22 33   5.223974e-05
22 34   2.703567e-05
22 35   3.783422e-05
22 36   1.934321e-05
22 37   1.069937e-05
22 38   4.033617e-05
22 39   1.104678e-03
22 40   3.105685e-04
22 41   1.886980e-04
22 42   5.969626e-05
22 43   6.506449e-05
22 44   2.055988e-04
22 45   2.178955e-04
22 46   7.945298e-05
22 47   6.164153e-05
22 48   1.022253e-03
22 49   5.536369e-05
22 50   1.582294e-04
22 51   3.506862e-03
22 52   5.362945e-05
22 53   3.502777e-04
22 54   1.155845e-03
22 55   2.490286e-05
22 56   2.179751e-04
22 57   4.289395e-05
22 58   4.109993e-04
22 59   1.056896e-04
22 60   1.161529e-03
22 61   8.356672e-04
22 62   2.239016e-04
23 1   1.195241e-04
23 2   3.620100e-04
23 3   3.381460e-05
23 4   1.864860e-05
23 5   4.417883e-05
23 6   1.190460e-05
23 7   9.743055e-06
23 8   3.633044e-05
23 9   1.751443e-04
23 10   6.382025e-04
23 11   9.362484e-05
23 12   8.315009e-04
23 13   4.647325e-05
23 14   1.246989e-04
23 15   1.803351e-05
23 16   3.289153e-05
23 17   6.562836e-06
23 18   5.341256e-06
23 19   1.420562e-04
23 20   6.787851e-05
23 21   1.182366e-03
23 22   1.302083e-03
23 23   0.000000e+00
23 24   7.975479e-05
23 25   6.132069e-05
23 26   3.917849e-05
23 27   5.236947e-05
23 28   1.088356e-05
23 29   1.217958e-05
23 30   2.678574e-05
23 31   8.019691e-06
23 32   4.925930e-06
23 33   3.733939e-05
23 34   3.603851e-05
23 35   7.472553e-05
23 36   4.490700e-05
23 37   8.458591e-06
23 38   2.888170e-05
23 39   6.634728e-04
23 40   1.428685e-03
23 41   1.005855e-03
23 42   1.587498e-04
23 43   1.722251e-04
23 44   1.217309e-03
23 45   4.748502e-04
23 46   4.456110e-05
23 47   2.493998e-05
23 48   1.656035e-04
23 49   1.987982e-05
23 50   4.260136e-05
23 51   5.376048e-03
23 52   4.473321e-05
23 53   1.104434e-04
23 54   2.454364e-04
23 55   7.639923e-06
23 56   7.687802e-05
23 57   1.213865e-04
23 58   6.740905e-04
23 59   5.516927e-05
23 60   1.865437e-04
23 61   2.096024e-04
23 62   7.755698e-05
24 1   4.688656e-05
24 2   7.623920e-04
24 3   3.851979e-04
24 4   5.254794e-06
24 5   5.624404e-06
24 6   3.112018e-05
24 7   1.811549e-05
24 8   3.047556e-06
24 9   7.156265e-06
24 10   7.665261e-04
24 11   5.044444e-05
24 12   4.518554e-05
24 13   2.635959e-05
24 14   2.174303e-05
24 15   1.347206e-05
24 16   2.581107e-06
24 17   2.533734e-06
24 18   5.363700e-06
24 19   5.615886e-04
24 20   2.357152e-04
24 21   6.622331e-05
24 22   3.072166e-05
24 23   7.975479e-05
24 24   0.000000e+00
24 25   6.039309e-06
24 26   2.998444e-06
24 27   6.114576e-05
24 28   1.758184e-05
24 29   5.386204e-06
24 30   2.603171e-06
24 31   4.506152e-06
24 32   1.665514e-05
24 33   3.218592e-05
24 34   1.175833e-04
24 35   4.775190e-05
24 36   2.422950e-03
24 37   1.345779e-04
24 38   5.202151e-05
24 39   5.084457e-05
24 40   6.564404e-05
24 41   3.848034e-04
24 42   5.721591e-03
24 43   7.230303e-04
24 44   1.533799e-04
24 45   4.992902e-04
24 46   1.655393e-04
24 47   5.728144e-05
24 48   7.046956e-06
24 49   3.654707e-05
24 50   6.340530e-06
24 51   1.099280e-04
24 52   7.591487e-06
24 53   1.881389e-05
24 54   2.206192e-05
24 55   8.625004e-06
24 56   7.045399e-05
24 57   1.682353e-04
24 58   4.848743e-04
24 59   1.502867e-04
24 60   9.165400e-06
24 61   6.308509e-06
24 62   8.069245e-06
25 1   1.571134e-05
25 2   5.865913e-05
25 3   3.421803e-06
25 4   3.563938e-04
25 5   2.591930e-04
25 6   4.284113e-06
25 7   1.934611e-05
25 8   1.709394e-02
25 9   1.067746e-03
25 10   4.165500e-05
25 11   1.819615e-04
25 12   1.697509e-04
25 13   4.822169e-04
25 14   1.802741e-05
25 15   4.774050e-06
25 16   7.260813e-05
25 17   9.768341e-06
25 18   5.069134e-05
25 19   2.505421e-05
25 20   5.330519e-05
25 21   3.615613e-05
25 22   1.165363e-04
25 23   6.132069e-05
25 24   6.039309e-06
25 25   0.000000e+00
25 26   4.445128e-05
25 27   7.636464e-06
25 28   3.623308e-06
25 29   5.641582e-06
25 30   1.101666e-04
25 31   1.012747e-04
25 32   2.058558e-05
25 33   3.018219e-04
25 34   6.670727e-05
25 35   2.169469e-04
25 36   7.884260e-06
25 37   4.310696e-06
25 38   3.062497e-06
25 39   2.233527e-05
25 40   9.646786e-05
25 41   2.667932e-05
25 42   1.232273e-05
25 43   4.238738e-06
25 44   4.246664e-05
25 45   1.100249e-05
25 46   3.188929e-05
25 47   2.206034e-05
25 48   8.566552e-05
25 49   2.992798e-05
25 50   6.278666e-04
25 51   1.224668e-04
25 52   4.771045e-03
25 53   1.595531e-03
25 54   4.254507e-05
25 55   9.521375e-06
25 56   8.208220e-05
25 57   6.188147e-05
25 58   1.978052e-04
25 59   2.379549e-05
25 60   2.256666e-04
25 61   6.881099e-04
25 62   7.395022e-03
26 1   1.492539e-04
26 2   7.434168e-05
26 3   1.088153e-05
26 4   1.491907e-04
26 5   8.436080e-04
26 6   4.565738e-05
26 7   6.563844e-05
26 8   5.058469e-05
26 9   2.388689e-05
26 10   1.153591e-05
26 11   3.721855e-06
26 12   1.465082e-05
26 13   2.549990e-05
26 14   3.331774e-04
26 15   2.310317e-04
26 16   9.860013e-03
26 17   4.057086e-04
26 18   7.726561e-05
26 19   3.150418e-06
26 20   6.631515e-06
26 21   1.031121e-04
26 22   1.875219e-04
26 23   3.917849e-05
26 24   2.998444e-06
26 25   4.445128e-05
26 26   0.000000e+00
26 27   6.589185e-05
26 28   8.040950e-05
26 29   3.920764e-04
26 30   1.397400e-03
26 31   1.193357e-04
26 32   2.289559e-05
26 33   1.482429e-05
26 34   4.841141e-06
26 35   4.282472e-06
26 36   2.449476e-06
26 37   8.351773e-06
26 38   3.882528e-05
26 39   9.859612e-05
26 40   1.423135e-05
26 41   8.913700e-06
26 42   4.768056e-06
26 43   5.367131e-06
26 44   9.126409e-06
26 45   1.790527e-05
26 46   2.845865e-05
26 47   5.428672e-05
26 48   1.497945e-03
26 49   7.631777e-05
26 50   3.452549e-04
26 51   8.547716e-05
26 52   1.502022e-05
26 53   2.494298e-04
26 54   4.602933e-04
26 55   1.452318e-04
26 56   1.573988e-04
26 57   3.250610e-06
26 58   2.930981e-05
26 59   4.828556e-05
26 60   1.009660e-03
26 61   1.998226e-04
26 62   1.370864e-04
27 1   2.978596e-03
27 2   1.941190e-03
27 3   6.426277e-04
27 4   1.763106e-05
27 5   3.855464e-05
27 6   1.541580e-03
27 7   1.566084e-04
27 8   4.422574e-06
27 9   5.140576e-06
27 10   6.022427e-05
27 11   4.966604e-06
27 12   1.272143e-05
27 13   2.500079e-05
27 14   7.172845e-04
27 15   1.000556e-03
27 16   4.034779e-05
27 17   7.262410e-05
27 18   2.398562e-05
27 19   1.971591e-05
27 20   3.595142e-05
27 21   1.873044e-04
27 22   8.613047e-05
27 23   5.236947e-05
27 24   6.114576e-05
27 25   7.636464e-06
27 26   6.589185e-05
27 27   0.000000e+00
27 28   1.031719e-03
27 29   2.541764e-04
27 30   2.859713e-05
27 31   1.789596e-05
27 32   6.900697e-05
27 33   1.984883e-05
27 34   2.001818e-05
27 35   5.859562e-06
27 36   4.781533e-05
27 37   3.500847e-04
27 38   7.045816e-03
27 39   2.185761e-04
27 40   1.694925e-05
27 41   3.353422e-05
27 42   6.263846e-05
27 43   7.100439e-05
27 44   1.999735e-05
27 45   2.241079e-04
27 46   3.909958e-04
27 47   6.987154e-04
27 48   6.279240e-05
27 49   2.758140e-04
27 50   2.816128e-05
27 51   1.602330e-04
27 52   3.938601e-06
27 53   6.383841e-05
27 54   3.891462e-04
27 55   2.000506e-04
27 56   5.317709e-04
27 57   1.063870e-05
27 58   9.898156e-05
27 59   1.784142e-03
27 60   5.668733e-05
27 61   1.925760e-05
27 62   1.982176e-05
28 1   4.529985e-04
28 2   2.316943e-04
28 3   1.638105e-04
28 4   1.611732e-05
28 5   3.051626e-05
28 6   1.128939e-02
28 7   3.282516e-04
28 8   2.612891e-06
28 9   1.714543e-06
28 10   1.207818e-05
28 11   1.652376e-06
28 12   2.976956e-06
28 13   1.419013e-05
28 14   2.377619e-04
28 15   5.317132e-03
28 16   4.782312e-05
28 17   2.534110e-04
28 18   4.747767e-05
28 19   5.802871e-06
28 20   1.642130e-05
28 21   3.716568e-05
28 22   2.432601e-05
28 23   1.088356e-05
28 24   1.758184e-05
28 25   3.623308e-06
28 26   8.040950e-05
28 27   1.031719e-03
28 28   0.000000e+00
28 29   1.027594e-03
28 30   3.294309e-05
28 31   2.714217e-05
28 32   1.216019e-04
28 33   1.173847e-05
28 34   1.085951e-05
28 35   2.245142e-06
28 36   1.863594e-05
28 37   2.327436e-04
28 38   8.476479e-04
28 39   4.525686e-05
28 40   3.631324e-06
28 41   6.607432e-06
28 42   1.465469e-05
28 43   1.462720e-05
28 44   4.033554e-06
28 45   3.517936e-05
28 46   1.828802e-04
28 47   5.922792e-04
28 48   3.584394e-05
28 49   3.487333e-04
28 50   1.991295e-05
28 51   3.272710e-05
28 52   1.887718e-06
28 53   3.261282e-05
28 54   1.283332e-04
28 55   1.059089e-03
28 56   3.442108e-04
28 57   3.403072e-06
28 58   2.394299e-05
28 59   6.515059e-04
28 60   2.950998e-05
28 61   8.380823e-06
28 62   1.006572e-05
29 1   2.992566e-04
29 2   9.458220e-05
29 3   4.118915e-05
29 4   2.551395e-05
29 5   7.250084e-05
29 6   4.028181e-04
29 7   2.088986e-04
29 8   5.280333e-06
29 9   3.114500e-06
29 10   6.991433e-06
29 11   1.108311e-06
29 12   3.391586e-06
29 13   1.001872e-05
29 14   3.796369e-04
29 15   2.106923e-03
29 16   2.005649e-04
29 17   1.421464e-03
29 18   5.628917e-05
29 19   2.422946e-06
29 20   6.383249e-06
29 21   4.189305e-05
29 22   4.031851e-05
29 23   1.217958e-05
29 24   5.386204e-06
29 25   5.641582e-06
29 26   3.920764e-04
29 27   2.541764e-04
29 28   1.027594e-03
29 29   0.000000e+00
29 30   1.076028e-04
29 31   3.919367e-05
29 32   6.715596e-05
29 33   6.988597e-06
29 34   4.311475e-06
29 35   1.405156e-06
29 36   5.211878e-06
29 37   4.953329e-05
29 38   1.905192e-04
29 39   5.123677e-05
29 40   3.842237e-06
29 41   4.502625e-06
29 42   5.459494e-06
29 43   6.845720e-06
29 44   3.350485e-06
29 45   1.925636e-05
29 46   5.556273e-05
29 47   1.662929e-04
29 48   1.113082e-04
29 49   1.755416e-04
29 50   3.877689e-05
29 51   3.204464e-05
29 52   2.256941e-06
29 53   4.357882e-05
29 54   2.234456e-04
29 55   1.385198e-03
29 56   1.982061e-04
29 57   1.702883e-06
29 58   1.494947e-05
29 59   1.408460e-04
29 60   7.592077e-05
29 61   2.071929e-05
29 62   1.660229e-05
30 1   6.239901e-05
30 2   6.917086e-05
30 3   5.874895e-06
30 4   6.917770e-04
30 5   3.430687e-03
30 6   2.409694e-05
30 7   1.109216e-04
30 8   1.296458e-04
30 9   3.320617e-05
30 10   1.175568e-05
30 11   7.157691e-06
30 12   1.432801e-05
30 13   6.927455e-05
30 14   1.087478e-04
30 15   6.151712e-05
30 16   7.218997e-03
30 17   2.728908e-04
30 18   3.380897e-04
30 19   4.067946e-06
30 20   1.231877e-05
30 21   5.497416e-05
30 22   1.276936e-04
30 23   2.678574e-05
30 24   2.603171e-06
30 25   1.101666e-04
30 26   1.397400e-03
30 27   2.859713e-05
30 28   3.294309e-05
30 29   1.076028e-04
30 30   0.000000e+00
30 31   6.392866e-04
30 32   5.716506e-05
30 33   4.040743e-05
30 34   1.105080e-05
30 35   9.232390e-06
30 36   2.974177e-06
30 37   7.472756e-06
30 38   1.430997e-05
30 39   4.471739e-05
30 40   1.219205e-05
30 41   6.925658e-06
30 42   4.527393e-06
30 43   2.693887e-06
30 44   7.287398e-06
30 45   9.809695e-06
30 46   3.881702e-05
30 47   6.390622e-05
30 48   1.017319e-03
30 49   1.177101e-04
30 50   1.364225e-03
30 51   6.885444e-05
30 52   3.665639e-05
30 53   7.428096e-04
30 54   1.965979e-04
30 55   1.288548e-04
30 56   2.307945e-04
30 57   5.318017e-06
30 58   4.081530e-05
30 59   4.728916e-05
30 60   1.400288e-03
30 61   2.492324e-04
30 62   3.736849e-04
31 1   2.247599e-05
31 2   5.500287e-05
31 3   6.990677e-06
31 4   1.927241e-03
31 5   9.537620e-04
31 6   2.860443e-05
31 7   3.039970e-04
31 8   1.036758e-04
31 9   1.715915e-05
31 10   1.034972e-05
31 11   1.436469e-05
31 12   7.444098e-06
31 13   2.466835e-04
31 14   2.368000e-05
31 15   2.259727e-05
31 16   2.430804e-04
31 17   1.263751e-04
31 18   3.299120e-03
31 19   8.558070e-06
31 20   4.180242e-05
31 21   1.290020e-05
31 22   2.807005e-05
31 23   8.019691e-06
31 24   4.506152e-06
31 25   1.012747e-04
31 26   1.193357e-04
31 27   1.789596e-05
31 28   2.714217e-05
31 29   3.919367e-05
31 30   6.392866e-04
31 31   0.000000e+00
31 32   3.570268e-04
31 33   1.623733e-04
31 34   4.644242e-05
31 35   2.182612e-05
31 36   8.895940e-06
31 37   2.168867e-05
31 38   1.009964e-05
31 39   9.083415e-06
31 40   5.506100e-06
31 41   4.375861e-06
31 42   6.169666e-06
31 43   1.442379e-06
31 44   3.989880e-06
31 45   4.528089e-06
31 46   9.167525e-05
31 47   1.171055e-04
31 48   1.032208e-04
31 49   2.770108e-04
31 50   1.019797e-03
31 51   2.893729e-05
31 52   5.095984e-05
31 53   8.595021e-04
31 54   3.821963e-05
31 55   1.409470e-04
31 56   3.603330e-04
31 57   1.241003e-05
31 58   4.566140e-05
31 59   6.473630e-05
31 60   1.748508e-04
31 61   5.648084e-05
31 62   2.904233e-04
32 1   3.461041e-05
32 2   1.091018e-04
32 3   3.644474e-05
32 4   1.579598e-04
32 5   8.002533e-05
32 6   1.737276e-04
32 7   3.358554e-03
32 8   1.559185e-05
32 9   4.107837e-06
32 10   1.496008e-05
32 11   1.054782e-05
32 12   4.059410e-06
32 13   1.606974e-04
32 14   2.103982e-05
32 15   5.673379e-05
32 16   3.284635e-05
32 17   1.170217e-04
32 18   8.333037e-04
32 19   1.692736e-05
32 20   9.279259e-05
32 21   8.675634e-06
32 22   1.164715e-05
32 23   4.925930e-06
