1 1   0.000000e+00
1 2   4.027201e-04
1 3   1.740387e-05
1 4   4.652366e-06
1 5   4.292302e-05
1 6   9.230550e-05
1 7   1.795362e-04
1 8   1.470138e-05
1 9   6.871077e-05
1 10   1.987437e-04
1 11   8.311415e-04
2 1   4.027201e-04
2 2   0.000000e+00
2 3   2.472754e-04
2 4   9.374119e-05
2 5   1.012803e-03
2 6   5.032371e-05
2 7   5.586238e-04
2 8   2.134176e-04
2 9   1.282104e-03
2 10   7.494488e-04
2 11   1.225583e-02
3 1   1.740387e-05
3 2   2.472754e-04
3 3   0.000000e+00
3 4   1.058530e-04
3 5   4.628040e-04
3 6   1.299587e-05
3 7   1.625508e-04
3 8   2.476434e-04
3 9   8.669735e-04
3 10   2.729744e-04
3 11   1.073165e-04
4 1   4.652366e-06
4 2   9.374119e-05
4 3   1.058530e-04
4 4   0.000000e+00
4 5   7.476509e-04
4 6   3.177884e-06
4 7   2.925472e-05
4 8   3.294401e-04
4 9   5.936421e-05
4 10   1.388953e-05
4 11   2.816898e-05
5 1   4.292302e-05
5 2   1.012803e-03
5 3   4.628040e-04
5 4   7.476509e-04
5 5   0.000000e+00
5 6   4.256052e-05
5 7   5.102525e-04
5 8   2.958240e-03
5 9   3.253473e-04
5 10   8.459450e-05
5 11   2.403358e-04
6 1   9.230550e-05
6 2   5.032371e-05
6 3   1.299587e-05
6 4   3.177884e-06
6 5   4.256052e-05
6 6   0.000000e+00
6 7   1.720970e-03
6 8   3.286304e-05
6 9   1.361040e-05
6 10   1.648859e-05
6 11   3.454809e-05
7 1   1.795362e-04
7 2   5.586238e-04
7 3   1.625508e-04
7 4   2.925472e-05
7 5   5.102525e-04
7 6   1.720970e-03
7 7   0.000000e+00
7 8   3.687242e-04
7 9   1.738678e-04
7 10   1.348753e-04
7 11   2.836176e-04
8 1   1.470138e-05
8 2   2.134176e-04
8 3   2.476434e-04
8 4   3.294401e-04
8 5   2.958240e-03
8 6   3.286304e-05
8 7   3.687242e-04
8 8   0.000000e+00
8 9   9.036127e-05
8 10   2.743490e-05
8 11   6.026246e-05
9 1   6.871077e-05
9 2   1.282104e-03
9 3   8.669735e-04
9 4   5.936421e-05
9 5   3.253473e-04
9 6   1.361040e-05
9 7   1.738678e-04
9 8   9.036127e-05
9 9   0.000000e+00
9 10   1.446797e-03
9 11   7.506058e-04
10 1   1.987437e-04
10 2   7.494488e-04
10 3   2.729744e-04
10 4   1.388953e-05
10 5   8.459450e-05
10 6   1.648859e-05
10 7   1.348753e-04
10 8   2.743490e-05
10 9   1.446797e-03
10 10   0.000000e+00
10 11   1.229346e-03
11 1   8.311415e-04
11 2   1.225583e-02
11 3   1.073165e-04
11 4   2.816898e-05
11 5   2.403358e-04
11 6   3.454809e-05
11 7   2.836176e-04
11 8   6.026246e-05
11 9   7.506058e-04
11 10   1.229346e-03
11 11   0.000000e+00
